train n=1079, full n=359, subset n=141, seeds 0..19; sd = sample sd (ddof=1)
hidden epochs | full mean  sd(20)    min    max sd(0,1,2) | subset mean  sd(20) |  fit s
    16     30 |    0.7035  0.1116  0.440  0.827    0.0637 |      0.7014  0.1127 |  0.023
    16     40 |    0.7777  0.0978  0.521  0.877    0.0444 |      0.7695  0.0964 |  0.030
    16     50 |    0.8306  0.0633  0.646  0.905    0.0441 |      0.8277  0.0549 |  0.037
    16     60 |    0.8650  0.0436  0.747  0.919    0.0225 |      0.8592  0.0446 |  0.046
    16     80 |    0.8997  0.0264  0.836  0.939    0.0211 |      0.8940  0.0244 |  0.060
    16    100 |    0.9182  0.0195  0.869  0.955    0.0190 |      0.9124  0.0165 |  0.075
    32     30 |    0.8685  0.0212  0.819  0.905    0.0137 |      0.8535  0.0320 |  0.025
    32     40 |    0.8983  0.0172  0.855  0.925    0.0170 |      0.8816  0.0266 |  0.034
    32     50 |    0.9162  0.0133  0.889  0.936    0.0170 |      0.9043  0.0213 |  0.042
    32     60 |    0.9256  0.0127  0.894  0.942    0.0132 |      0.9160  0.0219 |  0.052
    32     80 |    0.9393  0.0108  0.919  0.955    0.0128 |      0.9287  0.0160 |  0.066
    32    100 |    0.9478  0.0083  0.930  0.958    0.0084 |      0.9387  0.0139 |  0.084
    64     30 |    0.9192  0.0176  0.880  0.955    0.0147 |      0.9043  0.0236 |  0.032
    64     40 |    0.9348  0.0146  0.911  0.969    0.0126 |      0.9234  0.0197 |  0.042
    64     50 |    0.9422  0.0128  0.919  0.967    0.0145 |      0.9309  0.0161 |  0.052
    64     60 |    0.9497  0.0105  0.930  0.969    0.0080 |      0.9390  0.0129 |  0.062
    64     80 |    0.9595  0.0112  0.942  0.981    0.0121 |      0.9504  0.0146 |  0.083
    64    100 |    0.9660  0.0074  0.953  0.978    0.0090 |      0.9550  0.0109 |  0.103
